[gd_scene load_steps=13 format=3 uid="uid://dabdb8lld82qf"]

[ext_resource type="Script" path="res://src/teleportation/Panorama.gd" id="1_jx6tk"]
[ext_resource type="SphereMesh" uid="uid://dpeh5ksm83jbm" path="res://src/teleportation/PanoramaSphereMeshBase.tres" id="2_g18x4"]
[ext_resource type="PackedScene" uid="uid://5iqynxjjb1jk" path="res://src/teleportation/Teleporter.tscn" id="3_sn1pm"]
[ext_resource type="Script" path="res://src/teleportation/Teleporter.gd" id="4_odmpp"]
[ext_resource type="Script" path="res://src/ems/eventsystem_new/EventControl.gd" id="5_cb048"]
[ext_resource type="Script" path="res://src/ems/eventsystem_new/DialogueHeyNewbie.gd" id="6_5u3it"]
[ext_resource type="PackedScene" uid="uid://c1nfdxx4l4avm" path="res://src/assets/marble_spirit_normal.tscn" id="7_1n316"]
[ext_resource type="Script" path="res://src/ems/eventsystem_new/DialoguePolishRodsCleanWindows.gd" id="7_k1chv"]
[ext_resource type="Script" path="res://src/ems/eventsystem_new/BGMPlayerInA1.gd" id="8_ghwoq"]
[ext_resource type="PackedScene" uid="uid://u3okxetcvpo4" path="res://src/assets/A1/Table2.tscn" id="10_bahkg"]
[ext_resource type="PackedScene" uid="uid://cicew6koqq028" path="res://src/assets/A1/Rag.tscn" id="11_hd4lt"]
[ext_resource type="PackedScene" uid="uid://b3foujhryuk5l" path="res://src/assets/A1/MetalPolish.tscn" id="12_qgt6t"]

[node name="front closed doors (2)_jpg" type="Node3D"]
transform = Transform3D(0.999987, 0, 0, 0, 1, 0, 0, 0, 0.999987, 0, 0, 0)
top_level = true
script = ExtResource("1_jx6tk")
teleporters_data = [{
"position": Vector3(3.57586, -1.09316, 0.283812),
"to": "FrontRight.jpg"
}]
image_filename = "res://src/areas/FrontClosedDoors(2).jpg.jpg"
base_rotation = 0.74

[node name="MeshInstance3D" type="MeshInstance3D" parent="."]
transform = Transform3D(10, 0, 0, 0, 10, 0, 0, 0, 10, 0, 0, 0)
gi_mode = 0
mesh = ExtResource("2_g18x4")
skeleton = NodePath("../../..")

[node name="OmniLight3D" type="OmniLight3D" parent="."]
light_energy = 3.015
omni_range = 16.12

[node name="Teleporters" type="Node3D" parent="."]

[node name="FrontRight_jpg" type="StaticBody3D" parent="Teleporters" instance=ExtResource("3_sn1pm")]
transform = Transform3D(1, 0, 0, 0, 1, 0, 0, 0, 1, 3.57586, -1.09316, 0.283812)
collision_layer = 5243392
collision_mask = 0
script = ExtResource("4_odmpp")
to = "FrontRight.jpg"

[node name="Events" type="Node" parent="."]
script = ExtResource("5_cb048")

[node name="DialogueHeyNewbie" type="Node" parent="Events" node_paths=PackedStringArray("event_audio_source")]
script = ExtResource("6_5u3it")
event_audio_source = NodePath("../../MarbleSpirit_Normal/AudioStreamPlayer3D")

[node name="DialoguePolishRodsCleanWindows" type="Node" parent="Events" node_paths=PackedStringArray("event_audio_source")]
script = ExtResource("7_k1chv")
event_audio_source = NodePath("../../MarbleSpirit_Normal/AudioStreamPlayer3D")

[node name="BGMPlayerInA1" type="Node" parent="Events"]
script = ExtResource("8_ghwoq")

[node name="MarbleSpirit_Normal" parent="." instance=ExtResource("7_1n316")]
transform = Transform3D(0.25, 0, 0, 0, 0.25, 0, 0, 0, 0.25, 2.04666, -0.0672717, 1.23938)

[node name="AudioStreamPlayer3D" type="AudioStreamPlayer3D" parent="MarbleSpirit_Normal"]

[node name="Table2" parent="." instance=ExtResource("10_bahkg")]
transform = Transform3D(-0.64905, 0, -0.760746, 0, 1, 0, 0.760746, 0, -0.64905, 0.269783, -1.49205, -1.39332)

[node name="StaticBody3D" parent="Table2" index="1"]
transform = Transform3D(1, 0, 0, 0, 1, 0, 0, 0, 1, 0, 0, 0)

[node name="Rag" parent="." instance=ExtResource("11_hd4lt")]
transform = Transform3D(4.35748e-08, 0.996876, -0.0789811, 1, -4.37114e-08, 0, -3.45237e-09, -0.0789811, -0.996876, 0.907848, -0.582095, -0.821361)

[node name="Rag2" parent="." instance=ExtResource("11_hd4lt")]
transform = Transform3D(4.35748e-08, 0.996876, -0.0789811, 1, -4.37114e-08, 0, -3.45237e-09, -0.0789811, -0.996876, 0.585202, -0.582095, -1.02191)

[node name="Rag3" parent="." instance=ExtResource("11_hd4lt")]
transform = Transform3D(4.35748e-08, 0.996876, -0.0789811, 1, -4.37114e-08, 0, -3.45237e-09, -0.0789811, -0.996876, 0.847253, -0.582095, -1.07188)

[node name="MetalPolish" parent="." instance=ExtResource("12_qgt6t")]
transform = Transform3D(4.35748e-08, -0.996876, -0.0789811, -1, -4.37114e-08, 0, -3.45237e-09, 0.0789811, -0.996876, 1.13105, -0.618342, -0.75763)
collision_layer = 5242884

[editable path="Table2"]
[editable path="Rag"]
[editable path="Rag/MainMesh/CleanRag"]
[editable path="Rag/StateManager/ControlRaycastVisibility"]
[editable path="Rag/InventoryItemComp"]
[editable path="Rag/InventoryItemComp/ReplacementMesh/MainMesh"]
